         1
1
        -1
         3
         0
        -1
        -1
        -1
        -1
         1                                                   000000000011
         3                                                   000000010001
         1                                                   000000011000
        13
1
        -1
         3
         0
        -1
        -1
        -1
        -1
         1                                                   000000000011
         3                                                   000000010001
         1                                                   000000011000
