         5
1
        -1
         1
         0
        -1
        -1
        -1
        -1
        -1
        -1
        -1
        -1
         1                                                   000000001010        -1                                                             -1        -1                                                             -1        -1                                                             -1        -1                                                             -1        -1                                                             -1        -1                                                             -1111111111111111111111