         6
         7
         5
         1
         5
1
        -1
         0
         0
        -1
        -1
        -1
        -1
        -1
        -1
        -1
        -1
        -1 1111111111111111111111111111111111111111111111111111111111111111
        -1 1111111111111111111111111111111111111111111111111111111111111111
        -1 1111111111111111111111111111111111111111111111111111111111111111
        -1 1111111111111111111111111111111111111111111111111111111111111111
        -1 1111111111111111111111111111111111111111111111111111111111111111
        -1 1111111111111111111111111111111111111111111111111111111111111111
        -1 1111111111111111111111111111111111111111111111111111111111111111
